{
 "cells": [
  {
   "cell_type": "code",
   "execution_count": 2,
   "metadata": {},
   "outputs": [],
   "source": [
    "from white_box import ResidualStats\n",
    "import torch as th\n",
    "\n",
    "stats = th.load(\n",
    "    \"/mnt/ssd-1/nora/tuned-lenses/pythia/12b-deduped/affine/eval/stream_stats.pt\",\n",
    "    map_location=\"cpu\"\n",
    ")"
   ]
  },
  {
   "cell_type": "code",
   "execution_count": null,
   "metadata": {},
   "outputs": [],
   "source": []
  },
  {
   "cell_type": "code",
   "execution_count": 3,
   "metadata": {},
   "outputs": [],
   "source": [
    "covmats = th.stack(list(stats.covariance()))\n",
    "covs = covmats.flatten(1)"
   ]
  },
  {
   "cell_type": "code",
   "execution_count": 4,
   "metadata": {},
   "outputs": [],
   "source": [
    "L, Q = th.linalg.eigh(covmats)"
   ]
  },
  {
   "cell_type": "code",
   "execution_count": 5,
   "metadata": {},
   "outputs": [],
   "source": [
    "trimmed_L = L.clone()\n",
    "trimmed_L[:, -2:] = 0\n",
    "trimmed_covmats = Q @ th.diag_embed(trimmed_L) @ Q.mT\n",
    "trimmed_covs = trimmed_covmats.flatten(1)"
   ]
  },
  {
   "cell_type": "code",
   "execution_count": 6,
   "metadata": {},
   "outputs": [],
   "source": [
    "from transformers import AutoTokenizer\n",
    "\n",
    "tokenizer = AutoTokenizer.from_pretrained(\"EleutherAI/pythia-13b-deduped\")"
   ]
  },
  {
   "cell_type": "code",
   "execution_count": 7,
   "metadata": {},
   "outputs": [],
   "source": [
    "def frobenius_similarities(A):\n",
    "    A = A.flatten(1)\n",
    "    gram = A @ A.T\n",
    "    norms = A.norm(dim=-1, keepdim=True)\n",
    "\n",
    "    return gram / (norms * norms.T)"
   ]
  },
  {
   "cell_type": "code",
   "execution_count": 19,
   "metadata": {
    "scrolled": false
   },
   "outputs": [
    {
     "data": {
      "application/vnd.plotly.v1+json": {
       "config": {
        "plotlyServerURL": "https://plotly.com"
       },
       "data": [
        {
         "autocolorscale": false,
         "coloraxis": "coloraxis",
         "colorscale": [
          [
           0,
           "rgb(127,39,4)"
          ],
          [
           0.125,
           "rgb(166,54,3)"
          ],
          [
           0.25,
           "rgb(217,72,1)"
          ],
          [
           0.375,
           "rgb(241,105,19)"
          ],
          [
           0.5,
           "rgb(253,141,60)"
          ],
          [
           0.625,
           "rgb(253,174,107)"
          ],
          [
           0.75,
           "rgb(253,208,162)"
          ],
          [
           0.875,
           "rgb(254,230,206)"
          ],
          [
           1,
           "rgb(255,245,235)"
          ]
         ],
         "type": "heatmap",
         "xaxis": "x",
         "yaxis": "y",
         "z": [
          [
           1.005935788154602,
           0.02689236029982567,
           0.025839587673544884,
           0.0327482707798481,
           0.006459677126258612,
           0.005135965999215841,
           0.004847378935664892,
           0.005123292561620474,
           0.005343475379049778,
           0.005710763391107321,
           0.006122151855379343,
           0.006587059237062931,
           0.0070483791641891,
           0.007566237822175026,
           0.007942747324705124,
           0.008452149108052254,
           0.008793623186647892,
           0.009161337278783321,
           0.00955723412334919,
           0.009681702591478825,
           0.009920991025865078,
           0.010330851189792156,
           0.011000770144164562,
           0.011557466350495815,
           0.011977159418165684,
           0.01259869709610939,
           0.013118759728968143,
           0.01364747155457735,
           0.014188637025654316,
           0.014803072437644005,
           0.01517350971698761,
           0.01542368158698082,
           0.015790283679962158,
           0.016030829399824142,
           0.016027770936489105,
           0.01674814336001873,
           0.013628216460347176
          ],
          [
           0.02689236029982567,
           1.004662036895752,
           0.9411516785621643,
           0.9054815173149109,
           0.2474876195192337,
           0.20679867267608643,
           0.17870545387268066,
           0.15978272259235382,
           0.13840295374393463,
           0.12315423041582108,
           0.1110290065407753,
           0.10081806033849716,
           0.09367535263299942,
           0.0853491798043251,
           0.07829321920871735,
           0.06999418139457703,
           0.0633021891117096,
           0.058338433504104614,
           0.05385304614901543,
           0.05052239075303078,
           0.048193272203207016,
           0.04665356129407883,
           0.04594903439283371,
           0.04503612592816353,
           0.04371720924973488,
           0.04278503730893135,
           0.04176141321659088,
           0.040947284549474716,
           0.04054149612784386,
           0.03983757272362709,
           0.03925700858235359,
           0.03859647363424301,
           0.03800836578011513,
           0.03709755837917328,
           0.03508744761347771,
           0.03153965622186661,
           0.019258806481957436
          ],
          [
           0.025839587673544884,
           0.9411516785621643,
           1.0035061836242676,
           0.9750712513923645,
           0.2951608896255493,
           0.25154104828834534,
           0.22132988274097443,
           0.20043827593326569,
           0.17655304074287415,
           0.15918666124343872,
           0.14495393633842468,
           0.13268479704856873,
           0.12388705462217331,
           0.11353035271167755,
           0.10464052855968475,
           0.09402348846197128,
           0.0852193608880043,
           0.07847905158996582,
           0.07240509986877441,
           0.06766761094331741,
           0.06427904963493347,
           0.061833299696445465,
           0.060565635561943054,
           0.058942001312971115,
           0.05673409253358841,
           0.05498306825757027,
           0.053188256919384,
           0.051676634699106216,
           0.05069158598780632,
           0.049481093883514404,
           0.04838960990309715,
           0.04735927656292915,
           0.04628355801105499,
           0.04497310891747475,
           0.04217168316245079,
           0.036659907549619675,
           0.022212810814380646
          ],
          [
           0.0327482707798481,
           0.9054815173149109,
           0.9750712513923645,
           1.0044695138931274,
           0.3111182153224945,
           0.2670113742351532,
           0.23673860728740692,
           0.21612581610679626,
           0.19218724966049194,
           0.174730584025383,
           0.1602632999420166,
           0.14774669706821442,
           0.13871602714061737,
           0.12798722088336945,
           0.11873585730791092,
           0.1076522096991539,
           0.09841420501470566,
           0.0913580060005188,
           0.08496200293302536,
           0.07993105053901672,
           0.07628672569990158,
           0.07357244938611984,
           0.07226140052080154,
           0.07046595215797424,
           0.06801869720220566,
           0.06606736779212952,
           0.0640539675951004,
           0.06237274035811424,
           0.061281535774469376,
           0.05997307971119881,
           0.058732323348522186,
           0.0575634241104126,
           0.05628819763660431,
           0.05478544160723686,
           0.051477257162332535,
           0.044789038598537445,
           0.028042588382959366
          ],
          [
           0.006459677126258612,
           0.2474876195192337,
           0.2951608896255493,
           0.3111182153224945,
           0.9999992847442627,
           0.9967308044433594,
           0.9928082227706909,
           0.9870857000350952,
           0.9791144132614136,
           0.9713914394378662,
           0.9640744924545288,
           0.9565212726593018,
           0.9501651525497437,
           0.9418016672134399,
           0.9328973889350891,
           0.920016884803772,
           0.9063053727149963,
           0.8938804268836975,
           0.8810290098190308,
           0.8680914640426636,
           0.8578624725341797,
           0.8489482998847961,
           0.841033935546875,
           0.8319268226623535,
           0.8198094367980957,
           0.8078112602233887,
           0.7973361611366272,
           0.7873901128768921,
           0.7798396348953247,
           0.7732476592063904,
           0.7674218416213989,
           0.7633998990058899,
           0.7576215267181396,
           0.7519711256027222,
           0.738003671169281,
           0.6878326535224915,
           0.32579466700553894
          ],
          [
           0.005135965999215841,
           0.20679867267608643,
           0.25154104828834534,
           0.2670113742351532,
           0.9967308044433594,
           0.999895453453064,
           0.9983590245246887,
           0.9947826266288757,
           0.9887800216674805,
           0.9824008941650391,
           0.9760939478874207,
           0.969456136226654,
           0.9637279510498047,
           0.9558748602867126,
           0.9474053978919983,
           0.9347413778305054,
           0.9211695194244385,
           0.9089463949203491,
           0.8961575627326965,
           0.8833872675895691,
           0.8734958171844482,
           0.8648783564567566,
           0.8572085499763489,
           0.8484023213386536,
           0.8370288610458374,
           0.8254525661468506,
           0.8154288530349731,
           0.8059663772583008,
           0.798607587814331,
           0.7921386361122131,
           0.7864049673080444,
           0.7824031114578247,
           0.7763970494270325,
           0.7703736424446106,
           0.7555466294288635,
           0.7024640440940857,
           0.3311762809753418
          ],
          [
           0.004847378935664892,
           0.17870545387268066,
           0.22132988274097443,
           0.23673860728740692,
           0.9928082227706909,
           0.9983590245246887,
           0.9999003410339355,
           0.9984679222106934,
           0.9946882724761963,
           0.9899848103523254,
           0.9850608110427856,
           0.9795370697975159,
           0.9745475649833679,
           0.9675459861755371,
           0.959832489490509,
           0.9480462074279785,
           0.935174286365509,
           0.9235489368438721,
           0.9111561179161072,
           0.8988416194915771,
           0.8893519639968872,
           0.8809515833854675,
           0.8734574913978577,
           0.8649360537528992,
           0.8541427254676819,
           0.8429504036903381,
           0.8333175778388977,
           0.8242132663726807,
           0.8170869946479797,
           0.8107484579086304,
           0.8051750659942627,
           0.8012819290161133,
           0.795272171497345,
           0.789127767086029,
           0.7739136219024658,
           0.719291090965271,
           0.3388751149177551
          ],
          [
           0.005123292561620474,
           0.15978272259235382,
           0.20043827593326569,
           0.21612581610679626,
           0.9870857000350952,
           0.9947826266288757,
           0.9984679222106934,
           0.9998474717140198,
           0.9985348582267761,
           0.9957134127616882,
           0.9920651316642761,
           0.9876862168312073,
           0.9834665656089783,
           0.977351725101471,
           0.9703714847564697,
           0.9593939781188965,
           0.9471428990364075,
           0.9360507726669312,
           0.9240453243255615,
           0.9120697975158691,
           0.9029568433761597,
           0.8948472738265991,
           0.8874648213386536,
           0.8792293071746826,
           0.8689894080162048,
           0.858191192150116,
           0.8489834666252136,
           0.840357780456543,
           0.8336281776428223,
           0.8274860382080078,
           0.8221513032913208,
           0.8184019327163696,
           0.8124386072158813,
           0.8062837719917297,
           0.7907295823097229,
           0.7345054149627686,
           0.34513232111930847
          ],
          [
           0.005343475379049778,
           0.13840295374393463,
           0.17655304074287415,
           0.19218724966049194,
           0.9791144132614136,
           0.9887800216674805,
           0.9946882724761963,
           0.9985348582267761,
           0.9999386072158813,
           0.9990240335464478,
           0.9969878196716309,
           0.9940494894981384,
           0.9909323453903198,
           0.9859568476676941,
           0.9800106287002563,
           0.9703152775764465,
           0.9590809345245361,
           0.9488154053688049,
           0.9374881982803345,
           0.9260848760604858,
           0.9173853993415833,
           0.9095627665519714,
           0.9023312330245972,
           0.8943352699279785,
           0.8845382928848267,
           0.8741430044174194,
           0.8653782606124878,
           0.8571707606315613,
           0.8507762551307678,
           0.8448441028594971,
           0.839748740196228,
           0.8361356854438782,
           0.8302818536758423,
           0.8241518139839172,
           0.8083808422088623,
           0.7510705590248108,
           0.35189998149871826
          ],
          [
           0.005710763391107321,
           0.12315423041582108,
           0.15918666124343872,
           0.174730584025383,
           0.9713914394378662,
           0.9824008941650391,
           0.9899848103523254,
           0.9957134127616882,
           0.9990240335464478,
           0.999865710735321,
           0.9992119669914246,
           0.9975016117095947,
           0.9951830506324768,
           0.9912201166152954,
           0.9861882328987122,
           0.9776121973991394,
           0.9672974348068237,
           0.9577557444572449,
           0.9470825791358948,
           0.9361492395401001,
           0.9278370141983032,
           0.9202438592910767,
           0.9130606651306152,
           0.9052683711051941,
           0.8958415985107422,
           0.8857622742652893,
           0.8772902488708496,
           0.8693958520889282,
           0.8632383346557617,
           0.8573993444442749,
           0.852484941482544,
           0.8489913940429688,
           0.8432295322418213,
           0.83713698387146,
           0.8212499618530273,
           0.7634343504905701,
           0.35688167810440063
          ],
          [
           0.006122151855379343,
           0.1110290065407753,
           0.14495393633842468,
           0.1602632999420166,
           0.9640744924545288,
           0.9760939478874207,
           0.9850608110427856,
           0.9920651316642761,
           0.9969878196716309,
           0.9992119669914246,
           0.9999661445617676,
           0.9993020296096802,
           0.9979049563407898,
           0.9950392246246338,
           0.9910215139389038,
           0.9837534427642822,
           0.9745025038719177,
           0.9658331274986267,
           0.955966591835022,
           0.945654034614563,
           0.9377537369728088,
           0.9304797053337097,
           0.9235022664070129,
           0.9159925580024719,
           0.9068880081176758,
           0.8970779180526733,
           0.8888469934463501,
           0.8811337351799011,
           0.8751534223556519,
           0.8694740533828735,
           0.8647230267524719,
           0.8613277673721313,
           0.8556143641471863,
           0.8495794534683228,
           0.8337436318397522,
           0.7759362459182739,
           0.3617267608642578
          ],
          [
           0.006587059237062931,
           0.10081806033849716,
           0.13268479704856873,
           0.14774669706821442,
           0.9565212726593018,
           0.969456136226654,
           0.9795370697975159,
           0.9876862168312073,
           0.9940494894981384,
           0.9975016117095947,
           0.9993020296096802,
           0.9999605417251587,
           0.9994392395019531,
           0.9976573586463928,
           0.9946711659431458,
           0.9886366128921509,
           0.9805419445037842,
           0.9726955890655518,
           0.9636138081550598,
           0.9540085196495056,
           0.9465996623039246,
           0.9397292137145996,
           0.9329988360404968,
           0.9257897138595581,
           0.9169862866401672,
           0.9074623584747314,
           0.8994525074958801,
           0.8919486403465271,
           0.8861688375473022,
           0.8805801868438721,
           0.8759390711784363,
           0.8725979328155518,
           0.866923451423645,
           0.8609246611595154,
           0.8451508283615112,
           0.7874121069908142,
           0.3661687970161438
          ],
          [
           0.0070483791641891,
           0.09367535263299942,
           0.12388705462217331,
           0.13871602714061737,
           0.9501651525497437,
           0.9637279510498047,
           0.9745475649833679,
           0.9834665656089783,
           0.9909323453903198,
           0.9951830506324768,
           0.9979049563407898,
           0.9994392395019531,
           1.0000314712524414,
           0.9992678165435791,
           0.9972008466720581,
           0.9924702644348145,
           0.9853888154029846,
           0.9783101081848145,
           0.970127284526825,
           0.9612100124359131,
           0.9542155861854553,
           0.9476437568664551,
           0.9411263465881348,
           0.9341221451759338,
           0.9254607558250427,
           0.9161253571510315,
           0.9082445502281189,
           0.9008145928382874,
           0.8950933814048767,
           0.8895279765129089,
           0.8849230408668518,
           0.8815631866455078,
           0.8758255243301392,
           0.8698659539222717,
           0.8541643023490906,
           0.7966777682304382,
           0.36923226714134216
          ],
          [
           0.007566237822175026,
           0.0853491798043251,
           0.11353035271167755,
           0.12798722088336945,
           0.9418016672134399,
           0.9558748602867126,
           0.9675459861755371,
           0.977351725101471,
           0.9859568476676941,
           0.9912201166152954,
           0.9950392246246338,
           0.9976573586463928,
           0.9992678165435791,
           1.0002837181091309,
           0.9994933009147644,
           0.9964509010314941,
           0.9908257126808167,
           0.9848844408988953,
           0.9779624938964844,
           0.9700027704238892,
           0.9635658860206604,
           0.9574956893920898,
           0.9511854648590088,
           0.9445055723190308,
           0.9360949397087097,
           0.9270237684249878,
           0.9192517399787903,
           0.9118627905845642,
           0.9062084555625916,
           0.9006454944610596,
           0.8960219621658325,
           0.8926755785942078,
           0.8869200944900513,
           0.8810499310493469,
           0.865638792514801,
           0.8090181350708008,
           0.3738016188144684
          ],
          [
           0.007942747324705124,
           0.07829321920871735,
           0.10464052855968475,
           0.11873585730791092,
           0.9328973889350891,
           0.9474053978919983,
           0.959832489490509,
           0.9703714847564697,
           0.9800106287002563,
           0.9861882328987122,
           0.9910215139389038,
           0.9946711659431458,
           0.9972008466720581,
           0.9994933009147644,
           1.0006376504898071,
           0.9991546273231506,
           0.995113730430603,
           0.9904030561447144,
           0.9846976399421692,
           0.9776593446731567,
           0.9716371297836304,
           0.9659239649772644,
           0.9599558115005493,
           0.9535134434700012,
           0.945203423500061,
           0.9362805485725403,
           0.9285398721694946,
           0.92117840051651,
           0.9154796600341797,
           0.9098496437072754,
           0.9053135514259338,
           0.9019681811332703,
           0.8961489200592041,
           0.8903472423553467,
           0.8751699924468994,
           0.8194430470466614,
           0.3773558735847473
          ],
          [
           0.008452149108052254,
           0.06999418139457703,
           0.09402348846197128,
           0.1076522096991539,
           0.920016884803772,
           0.9347413778305054,
           0.9480462074279785,
           0.9593939781188965,
           0.9703152775764465,
           0.9776121973991394,
           0.9837534427642822,
           0.9886366128921509,
           0.9924702644348145,
           0.9964509010314941,
           0.9991546273231506,
           1.000985860824585,
           0.9995309114456177,
           0.9964602589607239,
           0.9924873113632202,
           0.9866282343864441,
           0.9813904762268066,
           0.9762073755264282,
           0.9705798625946045,
           0.9643841981887817,
           0.956070065498352,
           0.9472779631614685,
           0.9395344257354736,
           0.9319907426834106,
           0.9261540770530701,
           0.920687735080719,
           0.9161621928215027,
           0.9128725528717041,
           0.9069267511367798,
           0.9012289643287659,
           0.8864944577217102,
           0.8324198126792908,
           0.3820642828941345
          ],
          [
           0.008793623186647892,
           0.0633021891117096,
           0.0852193608880043,
           0.09841420501470566,
           0.9063053727149963,
           0.9211695194244385,
           0.935174286365509,
           0.9471428990364075,
           0.9590809345245361,
           0.9672974348068237,
           0.9745025038719177,
           0.9805419445037842,
           0.9853888154029846,
           0.9908257126808167,
           0.995113730430603,
           0.9995309114456177,
           1.0020878314971924,
           1.0007522106170654,
           0.9981157779693604,
           0.993520200252533,
           0.9889420866966248,
           0.9840887784957886,
           0.9787012338638306,
           0.9726276993751526,
           0.9641873836517334,
           0.9553204774856567,
           0.9475775361061096,
           0.9398717880249023,
           0.9342557191848755,
           0.9287192225456238,
           0.9242783784866333,
           0.9209798574447632,
           0.914792537689209,
           0.9091876745223999,
           0.8948818445205688,
           0.842578649520874,
           0.38597971200942993
          ],
          [
           0.009161337278783321,
           0.058338433504104614,
           0.07847905158996582,
           0.0913580060005188,
           0.8938804268836975,
           0.9089463949203491,
           0.9235489368438721,
           0.9360507726669312,
           0.9488154053688049,
           0.9577557444572449,
           0.9658331274986267,
           0.9726955890655518,
           0.9783101081848145,
           0.9848844408988953,
           0.9904030561447144,
           0.9964602589607239,
           1.0007522106170654,
           1.002606987953186,
           1.001124620437622,
           0.9978628754615784,
           0.9942198395729065,
           0.9898403882980347,
           0.9847240447998047,
           0.9788795709609985,
           0.9704516530036926,
           0.9617504477500916,
           0.9539878368377686,
           0.9465358853340149,
           0.9408657550811768,
           0.9353346228599548,
           0.9308814406394958,
           0.9275534152984619,
           0.9211615324020386,
           0.915637195110321,
           0.9016205668449402,
           0.8506550192832947,
           0.3893457353115082
          ],
          [
           0.00955723412334919,
           0.05385304614901543,
           0.07240509986877441,
           0.08496200293302536,
           0.8810290098190308,
           0.8961575627326965,
           0.9111561179161072,
           0.9240453243255615,
           0.9374881982803345,
           0.9470825791358948,
           0.955966591835022,
           0.9636138081550598,
           0.970127284526825,
           0.9779624938964844,
           0.9846976399421692,
           0.9924873113632202,
           0.9981157779693604,
           1.001124620437622,
           1.0030014514923096,
           1.00145423412323,
           0.9987436532974243,
           0.9950792789459229,
           0.9905632734298706,
           0.9851824045181274,
           0.9770134091377258,
           0.9686727523803711,
           0.9611190557479858,
           0.9535577297210693,
           0.9478937983512878,
           0.9423074722290039,
           0.9377357959747314,
           0.9342722296714783,
           0.9274062514305115,
           0.9218428134918213,
           0.9081524610519409,
           0.8585401177406311,
           0.39296653866767883
          ],
          [
           0.009681702591478825,
           0.05052239075303078,
           0.06766761094331741,
           0.07993105053901672,
           0.8680914640426636,
           0.8833872675895691,
           0.8988416194915771,
           0.9120697975158691,
           0.9260848760604858,
           0.9361492395401001,
           0.945654034614563,
           0.9540085196495056,
           0.9612100124359131,
           0.9700027704238892,
           0.9776593446731567,
           0.9866282343864441,
           0.993520200252533,
           0.9978628754615784,
           1.00145423412323,
           1.0033965110778809,
           1.0017215013504028,
           0.9989486932754517,
           0.9953784942626953,
           0.9904929995536804,
           0.982811450958252,
           0.974918007850647,
           0.9674761295318604,
           0.9599202871322632,
           0.9541939496994019,
           0.9485495090484619,
           0.9437046051025391,
           0.9401189684867859,
           0.9326741099357605,
           0.9270477294921875,
           0.9134129881858826,
           0.8645094037055969,
           0.3963627219200134
          ],
          [
           0.009920991025865078,
           0.048193272203207016,
           0.06427904963493347,
           0.07628672569990158,
           0.8578624725341797,
           0.8734958171844482,
           0.8893519639968872,
           0.9029568433761597,
           0.9173853993415833,
           0.9278370141983032,
           0.9377537369728088,
           0.9465996623039246,
           0.9542155861854553,
           0.9635658860206604,
           0.9716371297836304,
           0.9813904762268066,
           0.9889420866966248,
           0.9942198395729065,
           0.9987436532974243,
           1.0017215013504028,
           1.0034852027893066,
           1.0022327899932861,
           0.9994530081748962,
           0.995582640171051,
           0.9890959858894348,
           0.9820567965507507,
           0.9751716256141663,
           0.9679139852523804,
           0.9622809886932373,
           0.956658661365509,
           0.9518499374389648,
           0.9481691122055054,
           0.9401394128799438,
           0.9344516396522522,
           0.9208312034606934,
           0.8722460269927979,
           0.4004196524620056
          ],
          [
           0.010330851189792156,
           0.04665356129407883,
           0.061833299696445465,
           0.07357244938611984,
           0.8489482998847961,
           0.8648783564567566,
           0.8809515833854675,
           0.8948472738265991,
           0.9095627665519714,
           0.9202438592910767,
           0.9304797053337097,
           0.9397292137145996,
           0.9476437568664551,
           0.9574956893920898,
           0.9659239649772644,
           0.9762073755264282,
           0.9840887784957886,
           0.9898403882980347,
           0.9950792789459229,
           0.9989486932754517,
           1.0022327899932861,
           1.0037165880203247,
           1.0022128820419312,
           0.9995982050895691,
           0.9945096373558044,
           0.988555371761322,
           0.9824075698852539,
           0.9756719470024109,
           0.9703176021575928,
           0.9648200869560242,
           0.959958553314209,
           0.9562063217163086,
           0.947713315486908,
           0.9419938921928406,
           0.9284439086914062,
           0.880078136920929,
           0.4040389657020569
          ],
          [
           0.011000770144164562,
           0.04594903439283371,
           0.060565635561943054,
           0.07226140052080154,
           0.841033935546875,
           0.8572085499763489,
           0.8734574913978577,
           0.8874648213386536,
           0.9023312330245972,
           0.9130606651306152,
           0.9235022664070129,
           0.9329988360404968,
           0.9411263465881348,
           0.9511854648590088,
           0.9599558115005493,
           0.9705798625946045,
           0.9787012338638306,
           0.9847240447998047,
           0.9905632734298706,
           0.9953784942626953,
           0.9994530081748962,
           1.0022128820419312,
           1.0042847394943237,
           1.0029611587524414,
           0.9990754723548889,
           0.9941709041595459,
           0.9887788891792297,
           0.9826875329017639,
           0.9775654673576355,
           0.9722992181777954,
           0.9673953652381897,
           0.9634729027748108,
           0.9541316628456116,
           0.9482335448265076,
           0.9344707131385803,
           0.8857072591781616,
           0.4074154198169708
          ],
          [
           0.011557466350495815,
           0.04503612592816353,
           0.058942001312971115,
           0.07046595215797424,
           0.8319268226623535,
           0.8484023213386536,
           0.8649360537528992,
           0.8792293071746826,
           0.8943352699279785,
           0.9052683711051941,
           0.9159925580024719,
           0.9257897138595581,
           0.9341221451759338,
           0.9445055723190308,
           0.9535134434700012,
           0.9643841981887817,
           0.9726276993751526,
           0.9788795709609985,
           0.9851824045181274,
           0.9904929995536804,
           0.995582640171051,
           0.9995982050895691,
           1.0029611587524414,
           1.0045485496520996,
           1.002336859703064,
           0.9988251328468323,
           0.9945124983787537,
           0.9891412854194641,
           0.9844343662261963,
           0.9795725345611572,
           0.9747682809829712,
           0.9707841873168945,
           0.9609403610229492,
           0.9549750089645386,
           0.9414183497428894,
           0.8924978375434875,
           0.4104473292827606
          ],
          [
           0.011977159418165684,
           0.04371720924973488,
           0.05673409253358841,
           0.06801869720220566,
           0.8198094367980957,
           0.8370288610458374,
           0.8541427254676819,
           0.8689894080162048,
           0.8845382928848267,
           0.8958415985107422,
           0.9068880081176758,
           0.9169862866401672,
           0.9254607558250427,
           0.9360949397087097,
           0.945203423500061,
           0.956070065498352,
           0.9641873836517334,
           0.9704516530036926,
           0.9770134091377258,
           0.982811450958252,
           0.9890959858894348,
           0.9945096373558044,
           0.9990754723548889,
           1.002336859703064,
           1.004453420639038,
           1.0030306577682495,
           1.0002473592758179,
           0.996210515499115,
           0.9922096729278564,
           0.9877421259880066,
           0.9831078052520752,
           0.9791236519813538,
           0.9689394235610962,
           0.9627675414085388,
           0.9490147233009338,
           0.9000135064125061,
           0.41505590081214905
          ],
          [
           0.01259869709610939,
           0.04278503730893135,
           0.05498306825757027,
           0.06606736779212952,
           0.8078112602233887,
           0.8254525661468506,
           0.8429504036903381,
           0.858191192150116,
           0.8741430044174194,
           0.8857622742652893,
           0.8970779180526733,
           0.9074623584747314,
           0.9161253571510315,
           0.9270237684249878,
           0.9362805485725403,
           0.9472779631614685,
           0.9553204774856567,
           0.9617504477500916,
           0.9686727523803711,
           0.974918007850647,
           0.9820567965507507,
           0.988555371761322,
           0.9941709041595459,
           0.9988251328468323,
           1.0030306577682495,
           1.0047862529754639,
           1.0033916234970093,
           1.0006074905395508,
           0.9974344968795776,
           0.9935332536697388,
           0.9892938733100891,
           0.9853991270065308,
           0.9745966196060181,
           0.9683614373207092,
           0.9548524618148804,
           0.905449628829956,
           0.41784176230430603
          ],
          [
           0.013118759728968143,
           0.04176141321659088,
           0.053188256919384,
           0.0640539675951004,
           0.7973361611366272,
           0.8154288530349731,
           0.8333175778388977,
           0.8489834666252136,
           0.8653782606124878,
           0.8772902488708496,
           0.8888469934463501,
           0.8994525074958801,
           0.9082445502281189,
           0.9192517399787903,
           0.9285398721694946,
           0.9395344257354736,
           0.9475775361061096,
           0.9539878368377686,
           0.9611190557479858,
           0.9674761295318604,
           0.9751716256141663,
           0.9824075698852539,
           0.9887788891792297,
           0.9945124983787537,
           1.0002473592758179,
           1.0033916234970093,
           1.004726767539978,
           1.0033437013626099,
           1.0012513399124146,
           0.9981815218925476,
           0.994338870048523,
           0.990699052810669,
           0.9794268012046814,
           0.9735349416732788,
           0.9601036906242371,
           0.9103112816810608,
           0.4199325740337372
          ],
          [
           0.01364747155457735,
           0.040947284549474716,
           0.051676634699106216,
           0.06237274035811424,
           0.7873901128768921,
           0.8059663772583008,
           0.8242132663726807,
           0.840357780456543,
           0.8571707606315613,
           0.8693958520889282,
           0.8811337351799011,
           0.8919486403465271,
           0.9008145928382874,
           0.9118627905845642,
           0.92117840051651,
           0.9319907426834106,
           0.9398717880249023,
           0.9465358853340149,
           0.9535577297210693,
           0.9599202871322632,
           0.9679139852523804,
           0.9756719470024109,
           0.9826875329017639,
           0.9891412854194641,
           0.996210515499115,
           1.0006074905395508,
           1.0033437013626099,
           1.0048925876617432,
           1.0039777755737305,
           1.0018843412399292,
           0.9987514019012451,
           0.9955220818519592,
           0.9840638041496277,
           0.978488028049469,
           0.9652808308601379,
           0.9150181412696838,
           0.4216361343860626
          ],
          [
           0.014188637025654316,
           0.04054149612784386,
           0.05069158598780632,
           0.061281535774469376,
           0.7798396348953247,
           0.798607587814331,
           0.8170869946479797,
           0.8336281776428223,
           0.8507762551307678,
           0.8632383346557617,
           0.8751534223556519,
           0.8861688375473022,
           0.8950933814048767,
           0.9062084555625916,
           0.9154796600341797,
           0.9261540770530701,
           0.9342557191848755,
           0.9408657550811768,
           0.9478937983512878,
           0.9541939496994019,
           0.9622809886932373,
           0.9703176021575928,
           0.9775654673576355,
           0.9844343662261963,
           0.9922096729278564,
           0.9974344968795776,
           1.0012513399124146,
           1.0039777755737305,
           1.0053439140319824,
           1.0041897296905518,
           1.0019409656524658,
           0.9993217587471008,
           0.9879069328308105,
           0.9827356338500977,
           0.9699004888534546,
           0.9195839166641235,
           0.422666996717453
          ],
          [
           0.014803072437644005,
           0.03983757272362709,
           0.049481093883514404,
           0.05997307971119881,
           0.7732476592063904,
           0.7921386361122131,
           0.8107484579086304,
           0.8274860382080078,
           0.8448441028594971,
           0.8573993444442749,
           0.8694740533828735,
           0.8805801868438721,
           0.8895279765129089,
           0.9006454944610596,
           0.9098496437072754,
           0.920687735080719,
           0.9287192225456238,
           0.9353346228599548,
           0.9423074722290039,
           0.9485495090484619,
           0.956658661365509,
           0.9648200869560242,
           0.9722992181777954,
           0.9795725345611572,
           0.9877421259880066,
           0.9935332536697388,
           0.9981815218925476,
           1.0018843412399292,
           1.0041897296905518,
           1.0056805610656738,
           1.0045233964920044,
           1.002569556236267,
           0.9912567734718323,
           0.9866584539413452,
           0.9744506478309631,
           0.9242587685585022,
           0.423489511013031
          ],
          [
           0.01517350971698761,
           0.03925700858235359,
           0.04838960990309715,
           0.058732323348522186,
           0.7674218416213989,
           0.7864049673080444,
           0.8051750659942627,
           0.8221513032913208,
           0.839748740196228,
           0.852484941482544,
           0.8647230267524719,
           0.8759390711784363,
           0.8849230408668518,
           0.8960219621658325,
           0.9053135514259338,
           0.9161621928215027,
           0.9242783784866333,
           0.9308814406394958,
           0.9377357959747314,
           0.9437046051025391,
           0.9518499374389648,
           0.959958553314209,
           0.9673953652381897,
           0.9747682809829712,
           0.9831078052520752,
           0.9892938733100891,
           0.994338870048523,
           0.9987514019012451,
           1.0019409656524658,
           1.0045233964920044,
           1.0058058500289917,
           1.0048636198043823,
           0.9940991997718811,
           0.9901537895202637,
           0.9790562391281128,
           0.9294188618659973,
           0.42412233352661133
          ],
          [
           0.01542368158698082,
           0.03859647363424301,
           0.04735927656292915,
           0.0575634241104126,
           0.7633998990058899,
           0.7824031114578247,
           0.8012819290161133,
           0.8184019327163696,
           0.8361356854438782,
           0.8489913940429688,
           0.8613277673721313,
           0.8725979328155518,
           0.8815631866455078,
           0.8926755785942078,
           0.9019681811332703,
           0.9128725528717041,
           0.9209798574447632,
           0.9275534152984619,
           0.9342722296714783,
           0.9401189684867859,
           0.9481691122055054,
